[CREIER]
drive_incep = 1642265474.0895216
person_incep = 1642267035.783686

